
------------------------------+-------------------------+-------------------------+-------------------------+-------------------------+-------------------------+-------------------------+-------------------------+-------------------------+-------------------------+-------------------------+-------------------------+-------------------------+
              CC              |       NUM_CYCLES        |   NUM_INSTRS_RETIRED    |    NUM_STALL_CYCLES     |    NUM_MEM_REQUESTS     |    NUM_MEM_RESPONSES    |  AVG_RESPONSE_LATENCY   | NUM_TTIMEDOUT_REQUESTS  |     INSTR_PER_CYCLE     |   CACHE_NUM_ACCESSES    |     CACHE_NUM_HITS      |   CACHE_HIT_RATE_PERC   |  MISSES_PER_1000_INSTR  |
------------------------------+-------------------------+-------------------------+-------------------------+-------------------------+-------------------------+-------------------------+-------------------------+-------------------------+-------------------------+-------------------------+-------------------------+-------------------------+
lavaMD_5                      |                5561431.0|               43920412.0|                  28827.0|                   5427.0|                   5427.0|                    178.0|                      0.0|                 7.897322|                 631424.0|                 192500.0|                    30.49|                     9.99|
gemm_float                    |                 103375.0|                 485376.0|                 318816.0|                   9467.0|                   9467.0|                    184.0|                      0.0|                 4.695294|                  54159.0|                   9364.0|                    17.29|                    92.29|
gemm_half                     |                  80496.0|                 254208.0|                 372474.0|                   6496.0|                   6496.0|                    178.0|                      0.0|                  3.15802|                  54827.0|                  10259.0|                    18.71|                   175.32|
cnn_float                     |                2320902.0|               12896154.0|                5394788.0|                 227685.0|                 227685.0|                    141.0|                      0.0|                 5.556527|                 728289.0|                 281048.0|                    38.59|                    34.68|
cnn_half                      |                2938033.0|               14857416.0|                8212341.0|                 431510.0|                 431510.0|                    118.0|                      0.0|                 5.056926|                1961086.0|                 302367.0|                    15.42|                   111.64|
gpt2_float                    |                9290371.0|               43232239.0|               28936561.0|                 818049.0|                 818049.0|                    202.0|                      0.0|                 4.653446|               33210370.0|                3481382.0|                    10.48|                   687.66|
gpt2_half                     |                5721378.0|               27506706.0|               16657292.0|                 380015.0|                 380015.0|                    202.0|                      0.0|                 4.807706|               15493797.0|                 628813.0|                     4.06|                   540.41|
------------------------------+-------------------------+-------------------------+-------------------------+-------------------------+-------------------------+-------------------------+-------------------------+-------------------------+-------------------------+-------------------------+-------------------------+-------------------------+

------------------------------+-------------------------+-------------------------+-------------------------+-------------------------+-------------------------+-------------------------+-------------------------+-------------------------+-------------------------+-------------------------+-------------------------+-------------------------+
              TC              |       NUM_CYCLES        |   NUM_INSTRS_RETIRED    |    NUM_STALL_CYCLES     |    NUM_MEM_REQUESTS     |    NUM_MEM_RESPONSES    |  AVG_RESPONSE_LATENCY   | NUM_TTIMEDOUT_REQUESTS  |     INSTR_PER_CYCLE     |   CACHE_NUM_ACCESSES    |     CACHE_NUM_HITS      |   CACHE_HIT_RATE_PERC   |  MISSES_PER_1000_INSTR  |
------------------------------+-------------------------+-------------------------+-------------------------+-------------------------+-------------------------+-------------------------+-------------------------+-------------------------+-------------------------+-------------------------+-------------------------+-------------------------+
lavaMD_5                      |                5561431.0|               43920412.0|                  28827.0|                   5427.0|                   5427.0|                    178.0|                      0.0|                 7.897322|                 631424.0|                 192500.0|                    30.49|                     9.99|
gemm_float                    |                 103375.0|                 485376.0|                 318816.0|                   9467.0|                   9467.0|                    184.0|                      0.0|                 4.695294|                  54159.0|                   9364.0|                    17.29|                    92.29|
gemm_half                     |                 108199.0|                 254208.0|                 594184.0|                   6486.0|                   6486.0|                    178.0|                      0.0|                 2.349449|                  54817.0|                  10248.0|                    18.69|                   175.32|
cnn_float                     |                2320902.0|               12896154.0|                5394788.0|                 227685.0|                 227685.0|                    141.0|                      0.0|                 5.556527|                 728289.0|                 281048.0|                    38.59|                    34.68|
cnn_half                      |                6644623.0|               14857416.0|               37836689.0|                 366734.0|                 366734.0|                    120.0|                      0.0|                 2.236006|                1927166.0|                 298078.0|                    15.47|                   109.65|
gpt2_float                    |                9290371.0|               43232239.0|               28936561.0|                 818049.0|                 818049.0|                    202.0|                      0.0|                 4.653446|               33210370.0|                3481382.0|                    10.48|                   687.66|
gpt2_half                     |               15795223.0|               27506706.0|               96156411.0|                 290159.0|                 290159.0|                    201.0|                      0.0|                 1.741457|               15404356.0|                1064676.0|                     6.91|                   521.32|
------------------------------+-------------------------+-------------------------+-------------------------+-------------------------+-------------------------+-------------------------+-------------------------+-------------------------+-------------------------+-------------------------+-------------------------+-------------------------+

------------------------------+-------------------------+-------------------------+-------------------------+-------------------------+-------------------------+-------------------------+-------------------------+-------------------------+-------------------------+-------------------------+-------------------------+-------------------------+
              RR              |       NUM_CYCLES        |   NUM_INSTRS_RETIRED    |    NUM_STALL_CYCLES     |    NUM_MEM_REQUESTS     |    NUM_MEM_RESPONSES    |  AVG_RESPONSE_LATENCY   | NUM_TTIMEDOUT_REQUESTS  |     INSTR_PER_CYCLE     |   CACHE_NUM_ACCESSES    |     CACHE_NUM_HITS      |   CACHE_HIT_RATE_PERC   |  MISSES_PER_1000_INSTR  |
------------------------------+-------------------------+-------------------------+-------------------------+-------------------------+-------------------------+-------------------------+-------------------------+-------------------------+-------------------------+-------------------------+-------------------------+-------------------------+
lavaMD_5                      |                5561431.0|               43920412.0|                  28827.0|                   5427.0|                   5427.0|                    178.0|                      0.0|                 7.897322|                 631424.0|                 192500.0|                    30.49|                     9.99|
gemm_float                    |                 103375.0|                 485376.0|                 318816.0|                   9467.0|                   9467.0|                    184.0|                      0.0|                 4.695294|                  54159.0|                   9364.0|                    17.29|                    92.29|
gemm_half                     |                 108199.0|                 254208.0|                 594184.0|                   6486.0|                   6486.0|                    178.0|                      0.0|                 2.349449|                  54817.0|                  10248.0|                    18.69|                   175.32|
cnn_float                     |                2320902.0|               12896154.0|                5394788.0|                 227685.0|                 227685.0|                    141.0|                      0.0|                 5.556527|                 728289.0|                 281048.0|                    38.59|                    34.68|
cnn_half                      |                6644623.0|               14857416.0|               37836689.0|                 366734.0|                 366734.0|                    120.0|                      0.0|                 2.236006|                1927166.0|                 298078.0|                    15.47|                   109.65|
gpt2_float                    |                9290371.0|               43232239.0|               28936561.0|                 818049.0|                 818049.0|                    202.0|                      0.0|                 4.653446|               33210370.0|                3481382.0|                    10.48|                   687.66|
gpt2_half                     |               15795223.0|               27506706.0|               96156411.0|                 290159.0|                 290159.0|                    201.0|                      0.0|                 1.741457|               15404356.0|                1064676.0|                     6.91|                   521.32|
------------------------------+-------------------------+-------------------------+-------------------------+-------------------------+-------------------------+-------------------------+-------------------------+-------------------------+-------------------------+-------------------------+-------------------------+-------------------------+

------------------------------+-------------------------+-------------------------+-------------------------+-------------------------+-------------------------+-------------------------+-------------------------+-------------------------+-------------------------+-------------------------+-------------------------+-------------------------+
             GTO              |       NUM_CYCLES        |   NUM_INSTRS_RETIRED    |    NUM_STALL_CYCLES     |    NUM_MEM_REQUESTS     |    NUM_MEM_RESPONSES    |  AVG_RESPONSE_LATENCY   | NUM_TTIMEDOUT_REQUESTS  |     INSTR_PER_CYCLE     |   CACHE_NUM_ACCESSES    |     CACHE_NUM_HITS      |   CACHE_HIT_RATE_PERC   |  MISSES_PER_1000_INSTR  |
------------------------------+-------------------------+-------------------------+-------------------------+-------------------------+-------------------------+-------------------------+-------------------------+-------------------------+-------------------------+-------------------------+-------------------------+-------------------------+
lavaMD_5                      |                5624858.0|               43920412.0|                  47548.0|                   5410.0|                   5410.0|                    176.0|                      0.0|                  7.80827|                 631365.0|                 494501.0|                    78.32|                     3.12|
gemm_float                    |                 102166.0|                 485376.0|                 309458.0|                   9404.0|                   9404.0|                    186.0|                      0.0|                 4.750856|                  54187.0|                  11151.0|                    20.58|                    88.67|
gemm_half                     |                 105710.0|                 254208.0|                 578129.0|                   6424.0|                   6424.0|                    178.0|                      0.0|                 2.404768|                  54779.0|                  11968.0|                    21.85|                   168.41|
cnn_float                     |                2047395.0|               12896154.0|                3129308.0|                 254599.0|                 254599.0|                    123.0|                      0.0|                 6.298811|                 723627.0|                 275076.0|                    38.01|                    34.78|
cnn_half                      |                6757376.0|               14857416.0|               38829183.0|                 322410.0|                 322410.0|                    121.0|                      0.0|                 2.198696|                1901306.0|                 289112.0|                    15.21|                   108.51|
gpt2_float                    |                9265272.0|               43232239.0|               28887497.0|                 822169.0|                 822169.0|                    202.0|                      0.0|                 4.666052|               33214742.0|                3355306.0|                     10.1|                   690.68|
gpt2_half                     |               18283152.0|               27506706.0|              115899708.0|                 381224.0|                 381224.0|                    201.0|                      0.0|                 1.504484|               15494855.0|                1290479.0|                     8.33|                    516.4|
------------------------------+-------------------------+-------------------------+-------------------------+-------------------------+-------------------------+-------------------------+-------------------------+-------------------------+-------------------------+-------------------------+-------------------------+-------------------------+

------------------------------+-------------------------+-------------------------+-------------------------+-------------------------+-------------------------+-------------------------+-------------------------+-------------------------+-------------------------+-------------------------+-------------------------+-------------------------+
             CCWS             |       NUM_CYCLES        |   NUM_INSTRS_RETIRED    |    NUM_STALL_CYCLES     |    NUM_MEM_REQUESTS     |    NUM_MEM_RESPONSES    |  AVG_RESPONSE_LATENCY   | NUM_TTIMEDOUT_REQUESTS  |     INSTR_PER_CYCLE     |   CACHE_NUM_ACCESSES    |     CACHE_NUM_HITS      |   CACHE_HIT_RATE_PERC   |  MISSES_PER_1000_INSTR  |
------------------------------+-------------------------+-------------------------+-------------------------+-------------------------+-------------------------+-------------------------+-------------------------+-------------------------+-------------------------+-------------------------+-------------------------+-------------------------+
lavaMD_5                      |                5561435.0|               43920412.0|                  29694.0|                   5423.0|                   5423.0|                    178.0|                      0.0|                 7.897316|                 631420.0|                 195598.0|                    30.98|                     9.92|
gemm_float                    |                 102017.0|                 485376.0|                 312475.0|                   9285.0|                   9285.0|                    185.0|                      0.0|                 4.757795|                  54055.0|                  10941.0|                    20.24|                    88.83|
gemm_half                     |                 106120.0|                 254208.0|                 579485.0|                   6429.0|                   6429.0|                    178.0|                      0.0|                 2.395477|                  54782.0|                  12282.0|                    22.42|                   167.19|
cnn_float                     |                2319234.0|               12896154.0|                5374983.0|                 227265.0|                 227265.0|                    141.0|                      0.0|                 5.560523|                 727949.0|                 279929.0|                    38.45|                    34.74|
cnn_half                      |                6642979.0|               14857416.0|               37800962.0|                 366480.0|                 366480.0|                    120.0|                      0.0|                 2.236559|                1927089.0|                 297921.0|                    15.46|                   109.65|
gpt2_float                    |                9291405.0|               43232239.0|               28956462.0|                 818323.0|                 818323.0|                    202.0|                      0.0|                 4.652928|               33210640.0|                3481481.0|                    10.48|                   687.66|
gpt2_half                     |               17799299.0|               27506706.0|              112058429.0|                 290495.0|                 290495.0|                    202.0|                      0.0|                 1.545381|               15404739.0|                1363217.0|                     8.85|                   510.48|
------------------------------+-------------------------+-------------------------+-------------------------+-------------------------+-------------------------+-------------------------+-------------------------+-------------------------+-------------------------+-------------------------+-------------------------+-------------------------+
